[(212, 623), (215, 543)]: 0
[(215, 543), (268, 484)]: 39.7859
[(268, 484), (347, 472)]: 39.4294
[(347, 472), (415, 513)]: 39.7246
[(415, 513), (455, 582)]: 28.8112
[(455, 582), (519, 629)]: 23.6061
[(519, 629), (598, 639)]: 29.0784
[(598, 639), (677, 649)]: 0
[(677, 649), (757, 650)]: 6.49809
[(757, 650), (837, 650)]: 0.716278
[(837, 650), (917, 653)]: 2.14749
[(917, 653), (997, 655)]: 0.715185
[(997, 655), (1076, 645)]: 8.64634
[(1076, 645), (1155, 654)]: 13.7136
[(1155, 654), (1232, 675)]: 8.75578
[(1232, 675), (1286, 689)]: 0
